 Settings Channel 1
++++++++++++++++++++ 
  
Noise threshold : 5000
Integration time : 1000
Measurement interval (s): 1
Log interval : 1
 
 Measurements Channel 1
 ++++++++++++++++++++ 
  
TimeStamp	Wavelength1	 Power1	Wavelength2	 Power2	Wavelength3	 Power3	Wavelength4	 Power4	Wavelength5	 Power5	Wavelength6	 Power6	Wavelength7	 Power7	Wavelength8	 Power8	Wavelength9	 Power9	Wavelength10	 Power10	
4/15/2015 15:53:06.593	1521.223	11581	1530.738	14077	1532.021	16157	1538.155	22327	1543.154	24618	1551.832	24713	1555.775	30162	1568.958	27501	1571.959	35617	1575.271	30168
4/15/2015 15:53:07.734	1521.223	11581	1530.738	14077	1532.021	16157	1538.155	22327	1543.154	24618	1551.832	24713	1555.775	30162	1568.958	27501	1571.959	35617	1575.271	30168
4/15/2015 15:53:08.859	1521.223	11581	1530.738	14077	1532.021	16157	1538.155	22327	1543.154	24618	1551.832	24713	1555.775	30162	1568.958	27501	1571.959	35617	1575.271	30168
4/15/2015 15:53:09.984	1521.223	11581	1530.738	14077	1532.021	16157	1538.155	22327	1543.154	24618	1551.832	24713	1555.775	30162	1568.958	27501	1571.959	35617	1575.271	30168
4/15/2015 15:53:11.109	1521.223	11581	1530.738	14077	1532.021	16157	1538.155	22327	1543.154	24618	1551.832	24713	1555.775	30162	1568.958	27501	1571.959	35617	1575.271	30168
4/15/2015 15:53:12.234	1521.223	11581	1530.738	14077	1532.021	16157	1538.155	22327	1543.154	24618	1551.832	24713	1555.775	30162	1568.958	27501	1571.959	35617	1575.271	30168
4/15/2015 15:53:13.375	1521.223	11581	1530.738	14077	1532.021	16157	1538.155	22327	1543.154	24618	1551.832	24713	1555.775	30162	1568.958	27501	1571.959	35617	1575.271	30168
4/15/2015 15:53:14.500	1521.223	11581	1530.738	14077	1532.021	16157	1538.155	22327	1543.154	24618	1551.832	24713	1555.775	30162	1568.958	27501	1571.959	35617	1575.271	30168
4/15/2015 15:53:15.640	1521.223	11581	1530.738	14077	1532.021	16157	1538.155	22327	1543.154	24618	1551.832	24713	1555.775	30162	1568.958	27501	1571.959	35617	1575.271	30168
4/15/2015 15:53:16.765	1521.223	11581	1530.738	14077	1532.021	16157	1538.155	22327	1543.154	24618	1551.832	24713	1555.775	30162	1568.958	27501	1571.959	35617	1575.271	30168
4/15/2015 15:53:17.890	1521.223	11581	1530.738	14077	1532.021	16157	1538.155	22327	1543.154	24618	1551.832	24713	1555.775	30162	1568.958	27501	1571.959	35617	1575.271	30168
4/15/2015 15:53:19.031	1521.223	11581	1530.738	14077	1532.021	16157	1538.155	22327	1543.154	24618	1551.832	24713	1555.775	30162	1568.958	27501	1571.959	35617	1575.271	30168
4/15/2015 15:53:20.187	1521.223	11581	1530.738	14077	1532.021	16157	1538.155	22327	1543.154	24618	1551.832	24713	1555.775	30162	1568.958	27501	1571.959	35617	1575.271	30168
4/15/2015 15:53:21.312	1521.223	11581	1530.738	14077	1532.021	16157	1538.155	22327	1543.154	24618	1551.832	24713	1555.775	30162	1568.958	27501	1571.959	35617	1575.271	30168
4/15/2015 15:53:22.437	1521.223	11581	1530.738	14077	1532.021	16157	1538.155	22327	1543.154	24618	1551.832	24713	1555.775	30162	1568.958	27501	1571.959	35617	1575.271	30168
4/15/2015 15:53:23.578	1521.223	11581	1530.738	14077	1532.021	16157	1538.155	22327	1543.154	24618	1551.832	24713	1555.775	30162	1568.958	27501	1571.959	35617	1575.271	30168
4/15/2015 15:53:24.703	1521.223	11581	1530.738	14077	1532.021	16157	1538.155	22327	1543.154	24618	1551.832	24713	1555.775	30162	1568.958	27501	1571.959	35617	1575.271	30168
4/15/2015 15:53:25.828	1521.223	11581	1530.738	14077	1532.021	16157	1538.155	22327	1543.154	24618	1551.832	24713	1555.775	30162	1568.958	27501	1571.959	35617	1575.271	30168
4/15/2015 15:53:26.953	1521.223	11581	1530.738	14077	1532.021	16157	1538.155	22327	1543.154	24618	1551.832	24713	1555.775	30162	1568.958	27501	1571.959	35617	1575.271	30168
4/15/2015 15:53:28.093	1521.223	11581	1530.738	14077	1532.021	16157	1538.155	22327	1543.154	24618	1551.832	24713	1555.775	30162	1568.958	27501	1571.959	35617	1575.271	30168
4/15/2015 15:53:29.218	1521.223	11581	1530.738	14077	1532.021	16157	1538.155	22327	1543.154	24618	1551.832	24713	1555.775	30162	1568.958	27501	1571.959	35617	1575.271	30168
4/15/2015 15:53:30.343	1521.223	11581	1530.738	14077	1532.021	16157	1538.155	22327	1543.154	24618	1551.832	24713	1555.775	30162	1568.958	27501	1571.959	35617	1575.271	30168
4/15/2015 15:53:31.468	1521.223	11581	1530.738	14077	1532.021	16157	1538.155	22327	1543.154	24618	1551.832	24713	1555.775	30162	1568.958	27501	1571.959	35617	1575.271	30168
4/15/2015 15:53:32.609	1521.223	11581	1530.738	14077	1532.021	16157	1538.155	22327	1543.154	24618	1551.832	24713	1555.775	30162	1568.958	27501	1571.959	35617	1575.271	30168
4/15/2015 15:53:33.734	1521.223	11581	1530.738	14077	1532.021	16157	1538.155	22327	1543.154	24618	1551.832	24713	1555.775	30162	1568.958	27501	1571.959	35617	1575.271	30168
4/15/2015 15:53:34.859	1521.223	11581	1530.738	14077	1532.021	16157	1538.155	22327	1543.154	24618	1551.832	24713	1555.775	30162	1568.958	27501	1571.959	35617	1575.271	30168
4/15/2015 15:53:35.984	1521.223	11581	1530.738	14077	1532.021	16157	1538.155	22327	1543.154	24618	1551.832	24713	1555.775	30162	1568.958	27501	1571.959	35617	1575.271	30168
4/15/2015 15:53:37.109	1521.223	11581	1530.738	14077	1532.021	16157	1538.155	22327	1543.154	24618	1551.832	24713	1555.775	30162	1568.958	27501	1571.959	35617	1575.271	30168
4/15/2015 15:53:38.234	1521.223	11581	1530.738	14077	1532.021	16157	1538.155	22327	1543.154	24618	1551.832	24713	1555.775	30162	1568.958	27501	1571.959	35617	1575.271	30168
4/15/2015 15:53:39.375	1521.223	11581	1530.738	14077	1532.021	16157	1538.155	22327	1543.154	24618	1551.832	24713	1555.775	30162	1568.958	27501	1571.959	35617	1575.271	30168
4/15/2015 15:53:40.500	1521.223	11581	1530.738	14077	1532.021	16157	1538.155	22327	1543.154	24618	1551.832	24713	1555.775	30162	1568.958	27501	1571.959	35617	1575.271	30168
4/15/2015 15:53:41.640	1521.223	11581	1530.738	14077	1532.021	16157	1538.155	22327	1543.154	24618	1551.832	24713	1555.775	30162	1568.958	27501	1571.959	35617	1575.271	30168
4/15/2015 15:53:42.765	1521.223	11581	1530.738	14077	1532.021	16157	1538.155	22327	1543.154	24618	1551.832	24713	1555.775	30162	1568.958	27501	1571.959	35617	1575.271	30168
4/15/2015 15:53:43.890	1521.223	11581	1530.738	14077	1532.021	16157	1538.155	22327	1543.154	24618	1551.832	24713	1555.775	30162	1568.958	27501	1571.959	35617	1575.271	30168
4/15/2015 15:53:45.015	1521.223	11581	1530.738	14077	1532.021	16157	1538.155	22327	1543.154	24618	1551.832	24713	1555.775	30162	1568.958	27501	1571.959	35617	1575.271	30168
4/15/2015 15:53:46.156	1521.223	11581	1530.738	14077	1532.021	16157	1538.155	22327	1543.154	24618	1551.832	24713	1555.775	30162	1568.958	27501	1571.959	35617	1575.271	30168
4/15/2015 15:53:47.281	1521.223	11581	1530.738	14077	1532.021	16157	1538.155	22327	1543.154	24618	1551.832	24713	1555.775	30162	1568.958	27501	1571.959	35617	1575.271	30168
4/15/2015 15:53:48.421	1521.223	11581	1530.738	14077	1532.021	16157	1538.155	22327	1543.154	24618	1551.832	24713	1555.775	30162	1568.958	27501	1571.959	35617	1575.271	30168
4/15/2015 15:53:49.546	1521.223	11581	1530.738	14077	1532.021	16157	1538.155	22327	1543.154	24618	1551.832	24713	1555.775	30162	1568.958	27501	1571.959	35617	1575.271	30168
4/15/2015 15:53:50.687	1521.223	11581	1530.738	14077	1532.021	16157	1538.155	22327	1543.154	24618	1551.832	24713	1555.775	30162	1568.958	27501	1571.959	35617	1575.271	30168
4/15/2015 15:53:51.812	1521.223	11581	1530.738	14077	1532.021	16157	1538.155	22327	1543.154	24618	1551.832	24713	1555.775	30162	1568.958	27501	1571.959	35617	1575.271	30168
4/15/2015 15:53:52.937	1521.223	11581	1530.738	14077	1532.021	16157	1538.155	22327	1543.154	24618	1551.832	24713	1555.775	30162	1568.958	27501	1571.959	35617	1575.271	30168
4/15/2015 15:53:54.062	1521.223	11581	1530.738	14077	1532.021	16157	1538.155	22327	1543.154	24618	1551.832	24713	1555.775	30162	1568.958	27501	1571.959	35617	1575.271	30168
4/15/2015 15:53:55.203	1521.223	11581	1530.738	14077	1532.021	16157	1538.155	22327	1543.154	24618	1551.832	24713	1555.775	30162	1568.958	27501	1571.959	35617	1575.271	30168
4/15/2015 15:53:56.328	1521.223	11581	1530.738	14077	1532.021	16157	1538.155	22327	1543.154	24618	1551.832	24713	1555.775	30162	1568.958	27501	1571.959	35617	1575.271	30168
4/15/2015 15:53:57.468	1521.223	11581	1530.738	14077	1532.021	16157	1538.155	22327	1543.154	24618	1551.832	24713	1555.775	30162	1568.958	27501	1571.959	35617	1575.271	30168
4/15/2015 15:53:58.593	1521.223	11581	1530.738	14077	1532.021	16157	1538.155	22327	1543.154	24618	1551.832	24713	1555.775	30162	1568.958	27501	1571.959	35617	1575.271	30168
4/15/2015 15:53:59.718	1521.223	11581	1530.738	14077	1532.021	16157	1538.155	22327	1543.154	24618	1551.832	24713	1555.775	30162	1568.958	27501	1571.959	35617	1575.271	30168
4/15/2015 15:54:00.843	1521.223	11581	1530.738	14077	1532.021	16157	1538.155	22327	1543.154	24618	1551.832	24713	1555.775	30162	1568.958	27501	1571.959	35617	1575.271	30168
4/15/2015 15:54:01.984	1521.223	11581	1530.738	14077	1532.021	16157	1538.155	22327	1543.154	24618	1551.832	24713	1555.775	30162	1568.958	27501	1571.959	35617	1575.271	30168
4/15/2015 15:54:03.109	1521.223	11581	1530.738	14077	1532.021	16157	1538.155	22327	1543.154	24618	1551.832	24713	1555.775	30162	1568.958	27501	1571.959	35617	1575.271	30168
4/15/2015 15:54:04.234	1521.223	11581	1530.738	14077	1532.021	16157	1538.155	22327	1543.154	24618	1551.832	24713	1555.775	30162	1568.958	27501	1571.959	35617	1575.271	30168
4/15/2015 15:54:05.359	1521.223	11581	1530.738	14077	1532.021	16157	1538.155	22327	1543.154	24618	1551.832	24713	1555.775	30162	1568.958	27501	1571.959	35617	1575.271	30168
4/15/2015 15:54:06.484	1521.223	11581	1530.738	14077	1532.021	16157	1538.155	22327	1543.154	24618	1551.832	24713	1555.775	30162	1568.958	27501	1571.959	35617	1575.271	30168
4/15/2015 15:54:07.609	1521.223	11581	1530.738	14077	1532.021	16157	1538.155	22327	1543.154	24618	1551.832	24713	1555.775	30162	1568.958	27501	1571.959	35617	1575.271	30168
4/15/2015 15:54:08.750	1521.223	11581	1530.738	14077	1532.021	16157	1538.155	22327	1543.154	24618	1551.832	24713	1555.775	30162	1568.958	27501	1571.959	35617	1575.271	30168
4/15/2015 15:54:09.875	1521.223	11581	1530.738	14077	1532.021	16157	1538.155	22327	1543.154	24618	1551.832	24713	1555.775	30162	1568.958	27501	1571.959	35617	1575.271	30168
4/15/2015 15:54:11.015	1521.223	11581	1530.738	14077	1532.021	16157	1538.155	22327	1543.154	24618	1551.832	24713	1555.775	30162	1568.958	27501	1571.959	35617	1575.271	30168
4/15/2015 15:54:12.140	1521.223	11581	1530.738	14077	1532.021	16157	1538.155	22327	1543.154	24618	1551.832	24713	1555.775	30162	1568.958	27501	1571.959	35617	1575.271	30168
4/15/2015 15:54:13.265	1521.223	11581	1530.738	14077	1532.021	16157	1538.155	22327	1543.154	24618	1551.832	24713	1555.775	30162	1568.958	27501	1571.959	35617	1575.271	30168
4/15/2015 15:54:14.390	1521.223	11581	1530.738	14077	1532.021	16157	1538.155	22327	1543.154	24618	1551.832	24713	1555.775	30162	1568.958	27501	1571.959	35617	1575.271	30168
4/15/2015 15:54:15.515	1521.223	11581	1530.738	14077	1532.021	16157	1538.155	22327	1543.154	24618	1551.832	24713	1555.775	30162	1568.958	27501	1571.959	35617	1575.271	30168
4/15/2015 15:54:16.640	1521.223	11581	1530.738	14077	1532.021	16157	1538.155	22327	1543.154	24618	1551.832	24713	1555.775	30162	1568.958	27501	1571.959	35617	1575.271	30168
4/15/2015 15:54:17.765	1521.223	11581	1530.738	14077	1532.021	16157	1538.155	22327	1543.154	24618	1551.832	24713	1555.775	30162	1568.958	27501	1571.959	35617	1575.271	30168
4/15/2015 15:54:18.921	1521.223	11581	1530.738	14077	1532.021	16157	1538.155	22327	1543.154	24618	1551.832	24713	1555.775	30162	1568.958	27501	1571.959	35617	1575.271	30168
4/15/2015 15:54:20.046	1521.223	11581	1530.738	14077	1532.021	16157	1538.155	22327	1543.154	24618	1551.832	24713	1555.775	30162	1568.958	27501	1571.959	35617	1575.271	30168
4/15/2015 15:54:21.171	1521.223	11581	1530.738	14077	1532.021	16157	1538.155	22327	1543.154	24618	1551.832	24713	1555.775	30162	1568.958	27501	1571.959	35617	1575.271	30168
4/15/2015 15:54:22.296	1521.223	11581	1530.738	14077	1532.021	16157	1538.155	22327	1543.154	24618	1551.832	24713	1555.775	30162	1568.958	27501	1571.959	35617	1575.271	30168
4/15/2015 15:54:23.437	1521.223	11581	1530.738	14077	1532.021	16157	1538.155	22327	1543.154	24618	1551.832	24713	1555.775	30162	1568.958	27501	1571.959	35617	1575.271	30168
4/15/2015 15:54:24.562	1521.223	11581	1530.738	14077	1532.021	16157	1538.155	22327	1543.154	24618	1551.832	24713	1555.775	30162	1568.958	27501	1571.959	35617	1575.271	30168
4/15/2015 15:54:25.687	1521.223	11581	1530.738	14077	1532.021	16157	1538.155	22327	1543.154	24618	1551.832	24713	1555.775	30162	1568.958	27501	1571.959	35617	1575.271	30168
4/15/2015 15:54:26.812	1521.223	11581	1530.738	14077	1532.021	16157	1538.155	22327	1543.154	24618	1551.832	24713	1555.775	30162	1568.958	27501	1571.959	35617	1575.271	30168
4/15/2015 15:54:27.937	1521.223	11581	1530.738	14077	1532.021	16157	1538.155	22327	1543.154	24618	1551.832	24713	1555.775	30162	1568.958	27501	1571.959	35617	1575.271	30168
4/15/2015 15:54:29.062	1521.223	11581	1530.738	14077	1532.021	16157	1538.155	22327	1543.154	24618	1551.832	24713	1555.775	30162	1568.958	27501	1571.959	35617	1575.271	30168
4/15/2015 15:54:30.203	1521.223	11581	1530.738	14077	1532.021	16157	1538.155	22327	1543.154	24618	1551.832	24713	1555.775	30162	1568.958	27501	1571.959	35617	1575.271	30168
4/15/2015 15:54:31.328	1521.223	11581	1530.738	14077	1532.021	16157	1538.155	22327	1543.154	24618	1551.832	24713	1555.775	30162	1568.958	27501	1571.959	35617	1575.271	30168
4/15/2015 15:54:32.453	1521.223	11581	1530.738	14077	1532.021	16157	1538.155	22327	1543.154	24618	1551.832	24713	1555.775	30162	1568.958	27501	1571.959	35617	1575.271	30168
4/15/2015 15:54:33.593	1521.223	11581	1530.738	14077	1532.021	16157	1538.155	22327	1543.154	24618	1551.832	24713	1555.775	30162	1568.958	27501	1571.959	35617	1575.271	30168
4/15/2015 15:54:34.718	1521.223	11581	1530.738	14077	1532.021	16157	1538.155	22327	1543.154	24618	1551.832	24713	1555.775	30162	1568.958	27501	1571.959	35617	1575.271	30168
4/15/2015 15:54:35.843	1521.223	11581	1530.738	14077	1532.021	16157	1538.155	22327	1543.154	24618	1551.832	24713	1555.775	30162	1568.958	27501	1571.959	35617	1575.271	30168
4/15/2015 15:54:36.968	1521.223	11581	1530.738	14077	1532.021	16157	1538.155	22327	1543.154	24618	1551.832	24713	1555.775	30162	1568.958	27501	1571.959	35617	1575.271	30168
4/15/2015 15:54:38.093	1521.223	11581	1530.738	14077	1532.021	16157	1538.155	22327	1543.154	24618	1551.832	24713	1555.775	30162	1568.958	27501	1571.959	35617	1575.271	30168
4/15/2015 15:54:39.218	1521.223	11581	1530.738	14077	1532.021	16157	1538.155	22327	1543.154	24618	1551.832	24713	1555.775	30162	1568.958	27501	1571.959	35617	1575.271	30168
4/15/2015 15:54:40.359	1521.223	11581	1530.738	14077	1532.021	16157	1538.155	22327	1543.154	24618	1551.832	24713	1555.775	30162	1568.958	27501	1571.959	35617	1575.271	30168
4/15/2015 15:54:41.484	1521.223	11581	1530.738	14077	1532.021	16157	1538.155	22327	1543.154	24618	1551.832	24713	1555.775	30162	1568.958	27501	1571.959	35617	1575.271	30168
4/15/2015 15:54:42.609	1521.223	11581	1530.738	14077	1532.021	16157	1538.155	22327	1543.154	24618	1551.832	24713	1555.775	30162	1568.958	27501	1571.959	35617	1575.271	30168
4/15/2015 15:54:43.734	1521.223	11581	1530.738	14077	1532.021	16157	1538.155	22327	1543.154	24618	1551.832	24713	1555.775	30162	1568.958	27501	1571.959	35617	1575.271	30168
4/15/2015 15:54:44.859	1521.223	11581	1530.738	14077	1532.021	16157	1538.155	22327	1543.154	24618	1551.832	24713	1555.775	30162	1568.958	27501	1571.959	35617	1575.271	30168
4/15/2015 15:54:45.984	1521.223	11581	1530.738	14077	1532.021	16157	1538.155	22327	1543.154	24618	1551.832	24713	1555.775	30162	1568.958	27501	1571.959	35617	1575.271	30168
4/15/2015 15:54:47.125	1521.223	11581	1530.738	14077	1532.021	16157	1538.155	22327	1543.154	24618	1551.832	24713	1555.775	30162	1568.958	27501	1571.959	35617	1575.271	30168
4/15/2015 15:54:48.250	1521.223	11581	1530.738	14077	1532.021	16157	1538.155	22327	1543.154	24618	1551.832	24713	1555.775	30162	1568.958	27501	1571.959	35617	1575.271	30168
4/15/2015 15:54:49.375	1521.223	11581	1530.738	14077	1532.021	16157	1538.155	22327	1543.154	24618	1551.832	24713	1555.775	30162	1568.958	27501	1571.959	35617	1575.271	30168
4/15/2015 15:54:50.500	1521.223	11581	1530.738	14077	1532.021	16157	1538.155	22327	1543.154	24618	1551.832	24713	1555.775	30162	1568.958	27501	1571.959	35617	1575.271	30168
4/15/2015 15:54:51.625	1521.223	11581	1530.738	14077	1532.021	16157	1538.155	22327	1543.154	24618	1551.832	24713	1555.775	30162	1568.958	27501	1571.959	35617	1575.271	30168
4/15/2015 15:54:52.750	1521.223	11581	1530.738	14077	1532.021	16157	1538.155	22327	1543.154	24618	1551.832	24713	1555.775	30162	1568.958	27501	1571.959	35617	1575.271	30168
4/15/2015 15:54:53.890	1521.223	11581	1530.738	14077	1532.021	16157	1538.155	22327	1543.154	24618	1551.832	24713	1555.775	30162	1568.958	27501	1571.959	35617	1575.271	30168
4/15/2015 15:54:55.015	1521.223	11581	1530.738	14077	1532.021	16157	1538.155	22327	1543.154	24618	1551.832	24713	1555.775	30162	1568.958	27501	1571.959	35617	1575.271	30168
4/15/2015 15:54:56.156	1521.223	11581	1530.738	14077	1532.021	16157	1538.155	22327	1543.154	24618	1551.832	24713	1555.775	30162	1568.958	27501	1571.959	35617	1575.271	30168
4/15/2015 15:54:57.296	1521.223	11581	1530.738	14077	1532.021	16157	1538.155	22327	1543.154	24618	1551.832	24713	1555.775	30162	1568.958	27501	1571.959	35617	1575.271	30168
4/15/2015 15:54:58.421	1521.223	11581	1530.738	14077	1532.021	16157	1538.155	22327	1543.154	24618	1551.832	24713	1555.775	30162	1568.958	27501	1571.959	35617	1575.271	30168
4/15/2015 15:54:59.546	1521.223	11581	1530.738	14077	1532.021	16157	1538.155	22327	1543.154	24618	1551.832	24713	1555.775	30162	1568.958	27501	1571.959	35617	1575.271	30168
4/15/2015 15:55:00.687	1521.223	11581	1530.738	14077	1532.021	16157	1538.155	22327	1543.154	24618	1551.832	24713	1555.775	30162	1568.958	27501	1571.959	35617	1575.271	30168
4/15/2015 15:55:01.828	1521.223	11581	1530.738	14077	1532.021	16157	1538.155	22327	1543.154	24618	1551.832	24713	1555.775	30162	1568.958	27501	1571.959	35617	1575.271	30168
4/15/2015 15:55:02.953	1521.223	11581	1530.738	14077	1532.021	16157	1538.155	22327	1543.154	24618	1551.832	24713	1555.775	30162	1568.958	27501	1571.959	35617	1575.271	30168
4/15/2015 15:55:04.093	1521.223	11581	1530.738	14077	1532.021	16157	1538.155	22327	1543.154	24618	1551.832	24713	1555.775	30162	1568.958	27501	1571.959	35617	1575.271	30168
4/15/2015 15:55:05.234	1521.223	11581	1530.738	14077	1532.021	16157	1538.155	22327	1543.154	24618	1551.832	24713	1555.775	30162	1568.958	27501	1571.959	35617	1575.271	30168
4/15/2015 15:55:06.359	1521.223	11581	1530.738	14077	1532.021	16157	1538.155	22327	1543.154	24618	1551.832	24713	1555.775	30162	1568.958	27501	1571.959	35617	1575.271	30168
4/15/2015 15:55:07.500	1521.223	11581	1530.738	14077	1532.021	16157	1538.155	22327	1543.154	24618	1551.832	24713	1555.775	30162	1568.958	27501	1571.959	35617	1575.271	30168
4/15/2015 15:55:08.640	1521.223	11581	1530.738	14077	1532.021	16157	1538.155	22327	1543.154	24618	1551.832	24713	1555.775	30162	1568.958	27501	1571.959	35617	1575.271	30168
4/15/2015 15:55:09.781	1521.223	11581	1530.738	14077	1532.021	16157	1538.155	22327	1543.154	24618	1551.832	24713	1555.775	30162	1568.958	27501	1571.959	35617	1575.271	30168
4/15/2015 15:55:10.906	1521.223	11581	1530.738	14077	1532.021	16157	1538.155	22327	1543.154	24618	1551.832	24713	1555.775	30162	1568.958	27501	1571.959	35617	1575.271	30168
4/15/2015 15:55:12.031	1521.223	11581	1530.738	14077	1532.021	16157	1538.155	22327	1543.154	24618	1551.832	24713	1555.775	30162	1568.958	27501	1571.959	35617	1575.271	30168
4/15/2015 15:55:13.171	1521.223	11581	1530.738	14077	1532.021	16157	1538.155	22327	1543.154	24618	1551.832	24713	1555.775	30162	1568.958	27501	1571.959	35617	1575.271	30168
4/15/2015 15:55:14.312	1521.223	11581	1530.738	14077	1532.021	16157	1538.155	22327	1543.154	24618	1551.832	24713	1555.775	30162	1568.958	27501	1571.959	35617	1575.271	30168
4/15/2015 15:55:15.437	1521.223	11581	1530.738	14077	1532.021	16157	1538.155	22327	1543.154	24618	1551.832	24713	1555.775	30162	1568.958	27501	1571.959	35617	1575.271	30168
4/15/2015 15:55:16.578	1521.223	11581	1530.738	14077	1532.021	16157	1538.155	22327	1543.154	24618	1551.832	24713	1555.775	30162	1568.958	27501	1571.959	35617	1575.271	30168
4/15/2015 15:55:17.703	1521.223	11581	1530.738	14077	1532.021	16157	1538.155	22327	1543.154	24618	1551.832	24713	1555.775	30162	1568.958	27501	1571.959	35617	1575.271	30168
4/15/2015 15:55:18.843	1521.223	11581	1530.738	14077	1532.021	16157	1538.155	22327	1543.154	24618	1551.832	24713	1555.775	30162	1568.958	27501	1571.959	35617	1575.271	30168
4/15/2015 15:55:19.968	1521.223	11581	1530.738	14077	1532.021	16157	1538.155	22327	1543.154	24618	1551.832	24713	1555.775	30162	1568.958	27501	1571.959	35617	1575.271	30168
4/15/2015 15:55:21.093	1521.223	11581	1530.738	14077	1532.021	16157	1538.155	22327	1543.154	24618	1551.832	24713	1555.775	30162	1568.958	27501	1571.959	35617	1575.271	30168
4/15/2015 15:55:22.218	1521.223	11581	1530.738	14077	1532.021	16157	1538.155	22327	1543.154	24618	1551.832	24713	1555.775	30162	1568.958	27501	1571.959	35617	1575.271	30168
4/15/2015 15:55:23.359	1521.223	11581	1530.738	14077	1532.021	16157	1538.155	22327	1543.154	24618	1551.832	24713	1555.775	30162	1568.958	27501	1571.959	35617	1575.271	30168
4/15/2015 15:55:24.500	1521.223	11581	1530.738	14077	1532.021	16157	1538.155	22327	1543.154	24618	1551.832	24713	1555.775	30162	1568.958	27501	1571.959	35617	1575.271	30168
4/15/2015 15:55:25.625	1521.223	11581	1530.738	14077	1532.021	16157	1538.155	22327	1543.154	24618	1551.832	24713	1555.775	30162	1568.958	27501	1571.959	35617	1575.271	30168
4/15/2015 15:55:26.750	1521.223	11581	1530.738	14077	1532.021	16157	1538.155	22327	1543.154	24618	1551.832	24713	1555.775	30162	1568.958	27501	1571.959	35617	1575.271	30168
4/15/2015 15:55:27.890	1521.223	11581	1530.738	14077	1532.021	16157	1538.155	22327	1543.154	24618	1551.832	24713	1555.775	30162	1568.958	27501	1571.959	35617	1575.271	30168
4/15/2015 15:55:29.015	1521.223	11581	1530.738	14077	1532.021	16157	1538.155	22327	1543.154	24618	1551.832	24713	1555.775	30162	1568.958	27501	1571.959	35617	1575.271	30168
4/15/2015 15:55:30.156	1521.223	11581	1530.738	14077	1532.021	16157	1538.155	22327	1543.154	24618	1551.832	24713	1555.775	30162	1568.958	27501	1571.959	35617	1575.271	30168
4/15/2015 15:55:31.281	1521.223	11581	1530.738	14077	1532.021	16157	1538.155	22327	1543.154	24618	1551.832	24713	1555.775	30162	1568.958	27501	1571.959	35617	1575.271	30168
4/15/2015 15:55:32.421	1521.223	11581	1530.738	14077	1532.021	16157	1538.155	22327	1543.154	24618	1551.832	24713	1555.775	30162	1568.958	27501	1571.959	35617	1575.271	30168
4/15/2015 15:55:33.562	1521.223	11581	1530.738	14077	1532.021	16157	1538.155	22327	1543.154	24618	1551.832	24713	1555.775	30162	1568.958	27501	1571.959	35617	1575.271	30168
4/15/2015 15:55:34.687	1521.223	11581	1530.738	14077	1532.021	16157	1538.155	22327	1543.154	24618	1551.832	24713	1555.775	30162	1568.958	27501	1571.959	35617	1575.271	30168
4/15/2015 15:55:35.828	1521.223	11581	1530.738	14077	1532.021	16157	1538.155	22327	1543.154	24618	1551.832	24713	1555.775	30162	1568.958	27501	1571.959	35617	1575.271	30168
4/15/2015 15:55:36.953	1521.223	11581	1530.738	14077	1532.021	16157	1538.155	22327	1543.154	24618	1551.832	24713	1555.775	30162	1568.958	27501	1571.959	35617	1575.271	30168
4/15/2015 15:55:38.078	1521.223	11581	1530.738	14077	1532.021	16157	1538.155	22327	1543.154	24618	1551.832	24713	1555.775	30162	1568.958	27501	1571.959	35617	1575.271	30168
4/15/2015 15:55:39.203	1521.223	11581	1530.738	14077	1532.021	16157	1538.155	22327	1543.154	24618	1551.832	24713	1555.775	30162	1568.958	27501	1571.959	35617	1575.271	30168
4/15/2015 15:55:40.343	1521.223	11581	1530.738	14077	1532.021	16157	1538.155	22327	1543.154	24618	1551.832	24713	1555.775	30162	1568.958	27501	1571.959	35617	1575.271	30168
4/15/2015 15:55:41.468	1521.223	11581	1530.738	14077	1532.021	16157	1538.155	22327	1543.154	24618	1551.832	24713	1555.775	30162	1568.958	27501	1571.959	35617	1575.271	30168
4/15/2015 15:55:42.593	1521.223	11581	1530.738	14077	1532.021	16157	1538.155	22327	1543.154	24618	1551.832	24713	1555.775	30162	1568.958	27501	1571.959	35617	1575.271	30168
4/15/2015 15:55:43.734	1521.223	11581	1530.738	14077	1532.021	16157	1538.155	22327	1543.154	24618	1551.832	24713	1555.775	30162	1568.958	27501	1571.959	35617	1575.271	30168
4/15/2015 15:55:44.859	1521.223	11581	1530.738	14077	1532.021	16157	1538.155	22327	1543.154	24618	1551.832	24713	1555.775	30162	1568.958	27501	1571.959	35617	1575.271	30168
4/15/2015 15:55:45.984	1521.223	11581	1530.738	14077	1532.021	16157	1538.155	22327	1543.154	24618	1551.832	24713	1555.775	30162	1568.958	27501	1571.959	35617	1575.271	30168
4/15/2015 15:55:47.109	1521.223	11581	1530.738	14077	1532.021	16157	1538.155	22327	1543.154	24618	1551.832	24713	1555.775	30162	1568.958	27501	1571.959	35617	1575.271	30168
4/15/2015 15:55:48.234	1521.223	11581	1530.738	14077	1532.021	16157	1538.155	22327	1543.154	24618	1551.832	24713	1555.775	30162	1568.958	27501	1571.959	35617	1575.271	30168
4/15/2015 15:55:49.359	1521.223	11581	1530.738	14077	1532.021	16157	1538.155	22327	1543.154	24618	1551.832	24713	1555.775	30162	1568.958	27501	1571.959	35617	1575.271	30168
4/15/2015 15:55:50.500	1521.223	11581	1530.738	14077	1532.021	16157	1538.155	22327	1543.154	24618	1551.832	24713	1555.775	30162	1568.958	27501	1571.959	35617	1575.271	30168
4/15/2015 15:55:51.625	1521.223	11581	1530.738	14077	1532.021	16157	1538.155	22327	1543.154	24618	1551.832	24713	1555.775	30162	1568.958	27501	1571.959	35617	1575.271	30168
4/15/2015 15:55:52.750	1521.223	11581	1530.738	14077	1532.021	16157	1538.155	22327	1543.154	24618	1551.832	24713	1555.775	30162	1568.958	27501	1571.959	35617	1575.271	30168
4/15/2015 15:55:53.890	1521.223	11581	1530.738	14077	1532.021	16157	1538.155	22327	1543.154	24618	1551.832	24713	1555.775	30162	1568.958	27501	1571.959	35617	1575.271	30168
4/15/2015 15:55:55.015	1521.223	11581	1530.738	14077	1532.021	16157	1538.155	22327	1543.154	24618	1551.832	24713	1555.775	30162	1568.958	27501	1571.959	35617	1575.271	30168
4/15/2015 15:55:56.140	1521.223	11581	1530.738	14077	1532.021	16157	1538.155	22327	1543.154	24618	1551.832	24713	1555.775	30162	1568.958	27501	1571.959	35617	1575.271	30168
4/15/2015 15:55:57.281	1521.223	11581	1530.738	14077	1532.021	16157	1538.155	22327	1543.154	24618	1551.832	24713	1555.775	30162	1568.958	27501	1571.959	35617	1575.271	30168
4/15/2015 15:55:58.406	1521.223	11581	1530.738	14077	1532.021	16157	1538.155	22327	1543.154	24618	1551.832	24713	1555.775	30162	1568.958	27501	1571.959	35617	1575.271	30168
4/15/2015 15:55:59.531	1521.223	11581	1530.738	14077	1532.021	16157	1538.155	22327	1543.154	24618	1551.832	24713	1555.775	30162	1568.958	27501	1571.959	35617	1575.271	30168
4/15/2015 15:56:00.656	1521.223	11581	1530.738	14077	1532.021	16157	1538.155	22327	1543.154	24618	1551.832	24713	1555.775	30162	1568.958	27501	1571.959	35617	1575.271	30168
4/15/2015 15:56:01.781	1521.223	11581	1530.738	14077	1532.021	16157	1538.155	22327	1543.154	24618	1551.832	24713	1555.775	30162	1568.958	27501	1571.959	35617	1575.271	30168
4/15/2015 15:56:02.921	1521.223	11581	1530.738	14077	1532.021	16157	1538.155	22327	1543.154	24618	1551.832	24713	1555.775	30162	1568.958	27501	1571.959	35617	1575.271	30168
4/15/2015 15:56:04.046	1521.223	11581	1530.738	14077	1532.021	16157	1538.155	22327	1543.154	24618	1551.832	24713	1555.775	30162	1568.958	27501	1571.959	35617	1575.271	30168
4/15/2015 15:56:05.171	1521.223	11581	1530.738	14077	1532.021	16157	1538.155	22327	1543.154	24618	1551.832	24713	1555.775	30162	1568.958	27501	1571.959	35617	1575.271	30168
4/15/2015 15:56:06.296	1521.223	11581	1530.738	14077	1532.021	16157	1538.155	22327	1543.154	24618	1551.832	24713	1555.775	30162	1568.958	27501	1571.959	35617	1575.271	30168
4/15/2015 15:56:07.421	1521.223	11581	1530.738	14077	1532.021	16157	1538.155	22327	1543.154	24618	1551.832	24713	1555.775	30162	1568.958	27501	1571.959	35617	1575.271	30168
4/15/2015 15:56:08.546	1521.223	11581	1530.738	14077	1532.021	16157	1538.155	22327	1543.154	24618	1551.832	24713	1555.775	30162	1568.958	27501	1571.959	35617	1575.271	30168
4/15/2015 15:56:09.671	1521.223	11581	1530.738	14077	1532.021	16157	1538.155	22327	1543.154	24618	1551.832	24713	1555.775	30162	1568.958	27501	1571.959	35617	1575.271	30168
4/15/2015 15:56:10.812	1521.223	11581	1530.738	14077	1532.021	16157	1538.155	22327	1543.154	24618	1551.832	24713	1555.775	30162	1568.958	27501	1571.959	35617	1575.271	30168
4/15/2015 15:56:11.937	1521.223	11581	1530.738	14077	1532.021	16157	1538.155	22327	1543.154	24618	1551.832	24713	1555.775	30162	1568.958	27501	1571.959	35617	1575.271	30168
4/15/2015 15:56:13.062	1521.223	11581	1530.738	14077	1532.021	16157	1538.155	22327	1543.154	24618	1551.832	24713	1555.775	30162	1568.958	27501	1571.959	35617	1575.271	30168
4/15/2015 15:56:14.187	1521.223	11581	1530.738	14077	1532.021	16157	1538.155	22327	1543.154	24618	1551.832	24713	1555.775	30162	1568.958	27501	1571.959	35617	1575.271	30168
4/15/2015 15:56:15.328	1521.223	11581	1530.738	14077	1532.021	16157	1538.155	22327	1543.154	24618	1551.832	24713	1555.775	30162	1568.958	27501	1571.959	35617	1575.271	30168
4/15/2015 15:56:16.453	1521.223	11581	1530.738	14077	1532.021	16157	1538.155	22327	1543.154	24618	1551.832	24713	1555.775	30162	1568.958	27501	1571.959	35617	1575.271	30168
4/15/2015 15:56:17.578	1521.223	11581	1530.738	14077	1532.021	16157	1538.155	22327	1543.154	24618	1551.832	24713	1555.775	30162	1568.958	27501	1571.959	35617	1575.271	30168
4/15/2015 15:56:18.703	1521.223	11581	1530.738	14077	1532.021	16157	1538.155	22327	1543.154	24618	1551.832	24713	1555.775	30162	1568.958	27501	1571.959	35617	1575.271	30168
4/15/2015 15:56:19.828	1521.223	11581	1530.738	14077	1532.021	16157	1538.155	22327	1543.154	24618	1551.832	24713	1555.775	30162	1568.958	27501	1571.959	35617	1575.271	30168
4/15/2015 15:56:20.953	1521.223	11581	1530.738	14077	1532.021	16157	1538.155	22327	1543.154	24618	1551.832	24713	1555.775	30162	1568.958	27501	1571.959	35617	1575.271	30168
4/15/2015 15:56:22.093	1521.223	11581	1530.738	14077	1532.021	16157	1538.155	22327	1543.154	24618	1551.832	24713	1555.775	30162	1568.958	27501	1571.959	35617	1575.271	30168
4/15/2015 15:56:23.218	1521.223	11581	1530.738	14077	1532.021	16157	1538.155	22327	1543.154	24618	1551.832	24713	1555.775	30162	1568.958	27501	1571.959	35617	1575.271	30168
4/15/2015 15:56:24.343	1521.223	11581	1530.738	14077	1532.021	16157	1538.155	22327	1543.154	24618	1551.832	24713	1555.775	30162	1568.958	27501	1571.959	35617	1575.271	30168
4/15/2015 15:56:25.468	1521.223	11581	1530.738	14077	1532.021	16157	1538.155	22327	1543.154	24618	1551.832	24713	1555.775	30162	1568.958	27501	1571.959	35617	1575.271	30168
4/15/2015 15:56:26.593	1521.223	11581	1530.738	14077	1532.021	16157	1538.155	22327	1543.154	24618	1551.832	24713	1555.775	30162	1568.958	27501	1571.959	35617	1575.271	30168
4/15/2015 15:56:27.718	1521.223	11581	1530.738	14077	1532.021	16157	1538.155	22327	1543.154	24618	1551.832	24713	1555.775	30162	1568.958	27501	1571.959	35617	1575.271	30168
4/15/2015 15:56:28.859	1521.223	11581	1530.738	14077	1532.021	16157	1538.155	22327	1543.154	24618	1551.832	24713	1555.775	30162	1568.958	27501	1571.959	35617	1575.271	30168
4/15/2015 15:56:29.984	1521.223	11581	1530.738	14077	1532.021	16157	1538.155	22327	1543.154	24618	1551.832	24713	1555.775	30162	1568.958	27501	1571.959	35617	1575.271	30168
4/15/2015 15:56:31.109	1521.223	11581	1530.738	14077	1532.021	16157	1538.155	22327	1543.154	24618	1551.832	24713	1555.775	30162	1568.958	27501	1571.959	35617	1575.271	30168
4/15/2015 15:56:32.250	1521.223	11581	1530.738	14077	1532.021	16157	1538.155	22327	1543.154	24618	1551.832	24713	1555.775	30162	1568.958	27501	1571.959	35617	1575.271	30168
4/15/2015 15:56:33.375	1521.223	11581	1530.738	14077	1532.021	16157	1538.155	22327	1543.154	24618	1551.832	24713	1555.775	30162	1568.958	27501	1571.959	35617	1575.271	30168
4/15/2015 15:56:34.500	1521.223	11581	1530.738	14077	1532.021	16157	1538.155	22327	1543.154	24618	1551.832	24713	1555.775	30162	1568.958	27501	1571.959	35617	1575.271	30168
4/15/2015 15:56:35.625	1521.223	11581	1530.738	14077	1532.021	16157	1538.155	22327	1543.154	24618	1551.832	24713	1555.775	30162	1568.958	27501	1571.959	35617	1575.271	30168
4/15/2015 15:56:36.750	1521.223	11581	1530.738	14077	1532.021	16157	1538.155	22327	1543.154	24618	1551.832	24713	1555.775	30162	1568.958	27501	1571.959	35617	1575.271	30168
4/15/2015 15:56:37.875	1521.223	11581	1530.738	14077	1532.021	16157	1538.155	22327	1543.154	24618	1551.832	24713	1555.775	30162	1568.958	27501	1571.959	35617	1575.271	30168
4/15/2015 15:56:39.000	1521.223	11581	1530.738	14077	1532.021	16157	1538.155	22327	1543.154	24618	1551.832	24713	1555.775	30162	1568.958	27501	1571.959	35617	1575.271	30168
4/15/2015 15:56:40.156	1521.223	11581	1530.738	14077	1532.021	16157	1538.155	22327	1543.154	24618	1551.832	24713	1555.775	30162	1568.958	27501	1571.959	35617	1575.271	30168
4/15/2015 15:56:41.265	1521.223	11581	1530.738	14077	1532.021	16157	1538.155	22327	1543.154	24618	1551.832	24713	1555.775	30162	1568.958	27501	1571.959	35617	1575.271	30168
4/15/2015 15:56:42.406	1521.223	11581	1530.738	14077	1532.021	16157	1538.155	22327	1543.154	24618	1551.832	24713	1555.775	30162	1568.958	27501	1571.959	35617	1575.271	30168
4/15/2015 15:56:43.546	1521.223	11581	1530.738	14077	1532.021	16157	1538.155	22327	1543.154	24618	1551.832	24713	1555.775	30162	1568.958	27501	1571.959	35617	1575.271	30168
4/15/2015 15:56:44.671	1521.223	11581	1530.738	14077	1532.021	16157	1538.155	22327	1543.154	24618	1551.832	24713	1555.775	30162	1568.958	27501	1571.959	35617	1575.271	30168
4/15/2015 15:56:45.812	1521.223	11581	1530.738	14077	1532.021	16157	1538.155	22327	1543.154	24618	1551.832	24713	1555.775	30162	1568.958	27501	1571.959	35617	1575.271	30168
4/15/2015 15:56:46.937	1521.223	11581	1530.738	14077	1532.021	16157	1538.155	22327	1543.154	24618	1551.832	24713	1555.775	30162	1568.958	27501	1571.959	35617	1575.271	30168
4/15/2015 15:56:48.062	1521.223	11581	1530.738	14077	1532.021	16157	1538.155	22327	1543.154	24618	1551.832	24713	1555.775	30162	1568.958	27501	1571.959	35617	1575.271	30168
4/15/2015 15:56:49.187	1521.223	11581	1530.738	14077	1532.021	16157	1538.155	22327	1543.154	24618	1551.832	24713	1555.775	30162	1568.958	27501	1571.959	35617	1575.271	30168
4/15/2015 15:56:50.312	1521.223	11581	1530.738	14077	1532.021	16157	1538.155	22327	1543.154	24618	1551.832	24713	1555.775	30162	1568.958	27501	1571.959	35617	1575.271	30168
4/15/2015 15:56:51.453	1521.223	11581	1530.738	14077	1532.021	16157	1538.155	22327	1543.154	24618	1551.832	24713	1555.775	30162	1568.958	27501	1571.959	35617	1575.271	30168
4/15/2015 15:56:52.578	1521.223	11581	1530.738	14077	1532.021	16157	1538.155	22327	1543.154	24618	1551.832	24713	1555.775	30162	1568.958	27501	1571.959	35617	1575.271	30168
4/15/2015 15:56:53.703	1521.223	11581	1530.738	14077	1532.021	16157	1538.155	22327	1543.154	24618	1551.832	24713	1555.775	30162	1568.958	27501	1571.959	35617	1575.271	30168
4/15/2015 15:56:54.828	1521.223	11581	1530.738	14077	1532.021	16157	1538.155	22327	1543.154	24618	1551.832	24713	1555.775	30162	1568.958	27501	1571.959	35617	1575.271	30168
4/15/2015 15:56:55.968	1521.223	11581	1530.738	14077	1532.021	16157	1538.155	22327	1543.154	24618	1551.832	24713	1555.775	30162	1568.958	27501	1571.959	35617	1575.271	30168
4/15/2015 15:56:57.093	1521.223	11581	1530.738	14077	1532.021	16157	1538.155	22327	1543.154	24618	1551.832	24713	1555.775	30162	1568.958	27501	1571.959	35617	1575.271	30168
4/15/2015 15:56:58.218	1521.223	11581	1530.738	14077	1532.021	16157	1538.155	22327	1543.154	24618	1551.832	24713	1555.775	30162	1568.958	27501	1571.959	35617	1575.271	30168
4/15/2015 15:56:59.343	1521.223	11581	1530.738	14077	1532.021	16157	1538.155	22327	1543.154	24618	1551.832	24713	1555.775	30162	1568.958	27501	1571.959	35617	1575.271	30168
4/15/2015 15:57:00.468	1521.223	11581	1530.738	14077	1532.021	16157	1538.155	22327	1543.154	24618	1551.832	24713	1555.775	30162	1568.958	27501	1571.959	35617	1575.271	30168
4/15/2015 15:57:01.593	1521.223	11581	1530.738	14077	1532.021	16157	1538.155	22327	1543.154	24618	1551.832	24713	1555.775	30162	1568.958	27501	1571.959	35617	1575.271	30168
4/15/2015 15:57:02.734	1521.223	11581	1530.738	14077	1532.021	16157	1538.155	22327	1543.154	24618	1551.832	24713	1555.775	30162	1568.958	27501	1571.959	35617	1575.271	30168
4/15/2015 15:57:03.859	1521.223	11581	1530.738	14077	1532.021	16157	1538.155	22327	1543.154	24618	1551.832	24713	1555.775	30162	1568.958	27501	1571.959	35617	1575.271	30168
4/15/2015 15:57:04.984	1521.223	11581	1530.738	14077	1532.021	16157	1538.155	22327	1543.154	24618	1551.832	24713	1555.775	30162	1568.958	27501	1571.959	35617	1575.271	30168
4/15/2015 15:57:06.109	1521.223	11581	1530.738	14077	1532.021	16157	1538.155	22327	1543.154	24618	1551.832	24713	1555.775	30162	1568.958	27501	1571.959	35617	1575.271	30168
4/15/2015 15:57:07.250	1521.223	11581	1530.738	14077	1532.021	16157	1538.155	22327	1543.154	24618	1551.832	24713	1555.775	30162	1568.958	27501	1571.959	35617	1575.271	30168
4/15/2015 15:57:08.375	1521.223	11581	1530.738	14077	1532.021	16157	1538.155	22327	1543.154	24618	1551.832	24713	1555.775	30162	1568.958	27501	1571.959	35617	1575.271	30168
4/15/2015 15:57:09.500	1521.223	11581	1530.738	14077	1532.021	16157	1538.155	22327	1543.154	24618	1551.832	24713	1555.775	30162	1568.958	27501	1571.959	35617	1575.271	30168
4/15/2015 15:57:10.625	1521.223	11581	1530.738	14077	1532.021	16157	1538.155	22327	1543.154	24618	1551.832	24713	1555.775	30162	1568.958	27501	1571.959	35617	1575.271	30168
